image: map.pgm
resolution: 0.050000
origin: [-3.475000, -2.865287, 0.000000]
negate: 0
occupied_thresh: 0.65
free_thresh: 0.196

