image: my_map2.pgm
resolution: 0.050000
origin: [-4.425000, -2.605089, 0.000000]
negate: 0
occupied_thresh: 0.65
free_thresh: 0.196

