image: mymap1.pgm
resolution: 0.050000
origin: [-3.375199, -2.313825, 0.000000]
negate: 0
occupied_thresh: 0.65
free_thresh: 0.196

